[gd_scene format=3 uid="uid://dbw8km56wffhp"]

[ext_resource type="Script" uid="uid://bfww8bukelfaw" path="res://scripts/NavigationRegion3d.cs" id="1_jyhfs"]
[ext_resource type="Texture2D" uid="uid://d1c70tsq6n0uu" path="res://assets/rough-checked-texture-collage.jpg" id="1_sugp2"]
[ext_resource type="PackedScene" uid="uid://fr1ly1jvytyp" path="res://scenes/rat.tscn" id="2_jyhfs"]
[ext_resource type="PackedScene" uid="uid://doppcexk44ncy" path="res://scenes/player.tscn" id="3_tbgi4"]

[sub_resource type="ProceduralSkyMaterial" id="ProceduralSkyMaterial_h2yge"]
sky_horizon_color = Color(0.66224277, 0.6717428, 0.6867428, 1)
ground_horizon_color = Color(0.66224277, 0.6717428, 0.6867428, 1)

[sub_resource type="Sky" id="Sky_1bvp3"]
sky_material = SubResource("ProceduralSkyMaterial_h2yge")

[sub_resource type="Environment" id="Environment_lquwl"]
background_mode = 2
sky = SubResource("Sky_1bvp3")
glow_enabled = true

[sub_resource type="NavigationMesh" id="NavigationMesh_fck3i"]
vertices = PackedVector3Array(-14.139, 0.31030273, -11.9939995, -13.389, 0.31030273, -11.9939995, -13.389, 0.31030273, -13.4939995, -14.639, 0.31030273, -13.7439995, -16.389, 0.31030273, -9.9939995, -15.889, 0.31030273, -9.9939995, -26.889, 0.31030273, -1.4939995, -24.139, 0.31030273, -1.4939995, -24.139, 0.31030273, -2.2439995, -13.639, 0.31030273, -36.744, -26.889, 0.31030273, -36.744, -12.389, 0.31030273, -13.7439995, -8.389, 0.31030273, -11.9939995, -8.389, 0.31030273, -13.4939995, -9.639, 0.31030273, -13.7439995, -8.889, 0.31030273, -36.744, -11.389, 0.31030273, -36.744, -12.139, 0.31030273, -14.9939995, -6.889, 0.31030273, -28.244, -0.63899994, 0.31030273, -27.994, -0.63899994, 0.31030273, -29.494, -0.13899994, 0.31030273, -29.744, -0.13899994, 0.31030273, -36.744, -6.639, 0.31030273, -36.744, 12.111, 0.31030273, -29.494, 12.361, 0.31030273, -36.744, 14.361, 0.31030273, -29.244, 14.611, 0.31030273, -28.744, 22.111, 0.31030273, -28.744, 22.111, 0.31030273, -36.744, -13.639, 5.0603027, -16.244, -13.639, 5.0603027, -14.7439995, -8.389, 5.0603027, -14.4939995, -7.639, 5.0603027, -32.494, -7.639, 5.0603027, -35.994, -12.639, 5.0603027, -36.244, -0.13899994, 2.5603027, -15.4939995, 13.111, 2.5603027, -14.9939995, 13.611, 2.5603027, -24.994, 13.611, 2.5603027, -28.244, 0.36100006, 2.5603027, -28.744, -0.13899994, 2.5603027, -20.744, 22.111, 0.31030273, -16.244, 14.111, 0.31030273, -16.244, 0.11100006, 0.31030273, -15.7439995, 12.861, 0.31030273, -15.2439995, 13.361, 0.31030273, -25.244, 13.361, 0.31030273, -27.994, 0.61100006, 0.31030273, -28.494, 0.11100006, 0.31030273, -20.494, -7.389, 0.31030273, -13.7439995, -0.13899994, 0.31030273, -12.2439995, 0.36100006, 0.31030273, -14.4939995, -1.1389999, 0.31030273, -14.7439995, 1.1110001, 0.31030273, -11.9939995, 13.861, 0.31030273, -13.9939995, 1.1110001, 0.31030273, 2.7560005, 0.11100006, 0.31030273, 3.0060005, 0.11100006, 0.31030273, 12.2560005, 22.111, 0.31030273, 12.2560005, -0.13899994, 2.3103027, -10.7439995, 0.11100006, 2.3103027, 2.0060005, 0.11100006, 2.3103027, -11.2439995, -4.389, 2.3103027, -11.2439995, -23.389, 0.31030273, -0.24399948, -26.889, 0.31030273, 12.2560005, -1.1389999, 0.31030273, 2.7560005, -13.139, 0.31030273, -9.7439995, -22.639, 0.31030273, -0.24399948, -1.1389999, 0.31030273, -9.9939995, -21.889, 2.3103027, -2.2439995, -15.389, 2.3103027, -8.7439995, -15.889, 2.3103027, -8.9939995, -22.389, 2.3103027, -2.4939995)
polygons = [PackedInt32Array(2, 1, 0), PackedInt32Array(2, 0, 3), PackedInt32Array(3, 0, 5), PackedInt32Array(3, 5, 4), PackedInt32Array(8, 7, 6), PackedInt32Array(8, 6, 4), PackedInt32Array(4, 6, 3), PackedInt32Array(3, 6, 9), PackedInt32Array(9, 6, 10), PackedInt32Array(2, 11, 1), PackedInt32Array(1, 11, 14), PackedInt32Array(1, 14, 13), PackedInt32Array(1, 13, 12), PackedInt32Array(16, 15, 17), PackedInt32Array(17, 15, 14), PackedInt32Array(14, 11, 17), PackedInt32Array(20, 19, 18), PackedInt32Array(20, 18, 21), PackedInt32Array(21, 18, 22), PackedInt32Array(22, 18, 23), PackedInt32Array(21, 22, 24), PackedInt32Array(24, 22, 25), PackedInt32Array(26, 24, 25), PackedInt32Array(27, 26, 28), PackedInt32Array(28, 26, 29), PackedInt32Array(29, 26, 25), PackedInt32Array(31, 30, 32), PackedInt32Array(32, 30, 33), PackedInt32Array(33, 30, 34), PackedInt32Array(34, 30, 35), PackedInt32Array(38, 37, 39), PackedInt32Array(39, 37, 36), PackedInt32Array(39, 36, 41), PackedInt32Array(39, 41, 40), PackedInt32Array(28, 42, 27), PackedInt32Array(27, 42, 43), PackedInt32Array(46, 45, 47), PackedInt32Array(47, 45, 44), PackedInt32Array(47, 44, 49), PackedInt32Array(47, 49, 48), PackedInt32Array(13, 50, 12), PackedInt32Array(12, 50, 53), PackedInt32Array(12, 53, 52), PackedInt32Array(12, 52, 51), PackedInt32Array(19, 53, 18), PackedInt32Array(18, 53, 50), PackedInt32Array(51, 52, 54), PackedInt32Array(54, 52, 55), PackedInt32Array(55, 43, 42), PackedInt32Array(58, 57, 56), PackedInt32Array(58, 56, 59), PackedInt32Array(59, 56, 55), PackedInt32Array(59, 55, 42), PackedInt32Array(55, 56, 54), PackedInt32Array(62, 61, 60), PackedInt32Array(62, 60, 63), PackedInt32Array(7, 64, 6), PackedInt32Array(6, 64, 65), PackedInt32Array(66, 57, 58), PackedInt32Array(67, 66, 68), PackedInt32Array(68, 66, 58), PackedInt32Array(68, 58, 65), PackedInt32Array(65, 64, 68), PackedInt32Array(67, 69, 66), PackedInt32Array(73, 72, 70), PackedInt32Array(70, 72, 71)]
geometry_parsed_geometry_type = 1
geometry_collision_mask = 4294901761

[sub_resource type="StandardMaterial3D" id="StandardMaterial3D_0xm2m"]
albedo_texture = ExtResource("1_sugp2")
uv1_scale = Vector3(6, 6, 6)

[node name="Main" type="Node3D" unique_id=1325263966]

[node name="WorldEnvironment" type="WorldEnvironment" parent="." unique_id=1878188055]
environment = SubResource("Environment_lquwl")

[node name="DirectionalLight3D" type="DirectionalLight3D" parent="." unique_id=9587188]
transform = Transform3D(-0.8660254, -0.43301278, 0.25, 0, 0.49999997, 0.86602545, -0.50000006, 0.75, -0.43301266, 0, 0, 0)
shadow_enabled = true

[node name="NavigationRegion3D" type="NavigationRegion3D" parent="." unique_id=1799443184]
navigation_mesh = SubResource("NavigationMesh_fck3i")
script = ExtResource("1_jyhfs")

[node name="CSGBox3D" type="CSGBox3D" parent="NavigationRegion3D" unique_id=816274683]
transform = Transform3D(1, 0, 0, 0, 1, 0, 0, 0, 1, -2.389, -0.5, -12.244)
use_collision = true
size = Vector3(50, 1, 50)
material = SubResource("StandardMaterial3D_0xm2m")

[node name="Obstacles" type="Node" parent="NavigationRegion3D" unique_id=1274811893]

[node name="CSGBox3D" type="CSGBox3D" parent="NavigationRegion3D/Obstacles" unique_id=811903505]
transform = Transform3D(1, 0, 0, 0, 1, 0, 0, 0, 1, 0, 0.5, -4.5)
use_collision = true
size = Vector3(1, 3, 14)

[node name="CSGBox3D2" type="CSGBox3D" parent="NavigationRegion3D/Obstacles" unique_id=1170203858]
transform = Transform3D(0.6986824, 0, -0.7154319, 0, 1, 0, 0.7154319, 0, 0.6986824, -18.276777, 0.5, -6.2173004)
use_collision = true
size = Vector3(1, 3, 14)

[node name="CSGBox3D3" type="CSGBox3D" parent="NavigationRegion3D/Obstacles" unique_id=360778433]
transform = Transform3D(-0.019697696, -1.8879073e-06, 0.9998059, 0.00060600817, 0.9999998, 1.3826502e-05, -0.9998056, 0.00060616294, -0.019697785, -6.5954337, 0.5, -10.953992)
use_collision = true
size = Vector3(1, 3, 14)

[node name="CSGBox3D4" type="CSGBox3D" parent="NavigationRegion3D/Obstacles" unique_id=414160844]
transform = Transform3D(-0.99918246, 0, 0.040427685, 0, 1, 0, -0.040427685, 0, -0.99918246, -12.987587, 1.1796875, -25.27856)
use_collision = true
size = Vector3(1, 4.359375, 22.409302)

[node name="CSGBox3D6" type="CSGBox3D" parent="NavigationRegion3D/Obstacles" unique_id=1571305101]
transform = Transform3D(-0.99918246, 0, 0.040427685, 0, 1, 0, -0.040427685, 0, -0.99918246, -8.176447, 1.2977905, -25.27856)
use_collision = true
size = Vector3(1, 4.595581, 22.409302)

[node name="CSGBox3D7" type="CSGBox3D" parent="NavigationRegion3D/Obstacles" unique_id=1004028000]
transform = Transform3D(-0.99918246, 0, 0.040427685, 0, 1, 0, -0.040427685, 0, -0.99918246, -10.596098, 3.8375502, -25.376461)
use_collision = true
size = Vector3(5.8432617, 1.9022217, 22.409302)

[node name="CSGBox3D8" type="CSGBox3D" parent="NavigationRegion3D/Obstacles" unique_id=1496745683]
transform = Transform3D(-0.99918246, 0, 0.040427685, 0, 1, 0, -0.040427685, 0, -0.99918246, -10.144689, 1.8956251, -36.53318)
use_collision = true
size = Vector3(5.8432617, 5.786072, 1.3418884)

[node name="CSGBox3D5" type="CSGBox3D" parent="NavigationRegion3D/Obstacles" unique_id=1847566727]
transform = Transform3D(-0.99918246, 0, 0.040427685, 0, 1, 0, -0.040427685, 0, -0.99918246, 6.6994133, 0.5, -21.945826)
use_collision = true
size = Vector3(14.083862, 3.3793945, 14)

[node name="Objects" type="Node" parent="NavigationRegion3D" unique_id=1445212288]

[node name="Player" parent="." unique_id=716301107 instance=ExtResource("3_tbgi4")]
transform = Transform3D(0.032515116, 0, 0.99947125, 0, 1, 0, -0.99947125, 0, 0.032515116, -2.576, 0, -4.26)

[node name="Rat" parent="." unique_id=1864404930 instance=ExtResource("2_jyhfs")]
transform = Transform3D(0.40000004, 0, 0, 0, 0.4, 0, 0, 0, 0.4, -4.0344434, -0.01191923, -4.0976715)
