[gd_scene format=3 uid="uid://dbw8km56wffhp"]

[ext_resource type="Texture2D" uid="uid://d1c70tsq6n0uu" path="res://assets/rough-checked-texture-collage.jpg" id="1_sugp2"]
[ext_resource type="PackedScene" uid="uid://fr1ly1jvytyp" path="res://scenes/rat.tscn" id="2_jyhfs"]
[ext_resource type="PackedScene" uid="uid://doppcexk44ncy" path="res://scenes/player.tscn" id="3_tbgi4"]

[sub_resource type="ProceduralSkyMaterial" id="ProceduralSkyMaterial_h2yge"]
sky_horizon_color = Color(0.66224277, 0.6717428, 0.6867428, 1)
ground_horizon_color = Color(0.66224277, 0.6717428, 0.6867428, 1)

[sub_resource type="Sky" id="Sky_1bvp3"]
sky_material = SubResource("ProceduralSkyMaterial_h2yge")

[sub_resource type="Environment" id="Environment_lquwl"]
background_mode = 2
sky = SubResource("Sky_1bvp3")
glow_enabled = true

[sub_resource type="NavigationMesh" id="NavigationMesh_fck3i"]
vertices = PackedVector3Array(-14.139, 0.110302806, -11.9939995, -13.389, 0.110302806, -11.9939995, -13.389, 0.110302806, -13.4939995, -14.639, 0.110302806, -13.7439995, -16.389, 0.110302806, -9.9939995, -15.889, 0.110302806, -9.9939995, -26.889, 0.110302806, -1.4939995, -24.139, 0.110302806, -1.4939995, -24.139, 0.110302806, -2.2439995, -13.639, 0.110302806, -36.744, -26.889, 0.110302806, -36.744, -0.63899994, 0.110302806, -29.494, -0.13899994, 0.110302806, -29.744, -0.13899994, 0.110302806, -36.744, -0.88899994, 0.110302806, -27.244, -11.389, 0.110302806, -36.744, -11.639, 0.110302806, -27.494, 12.111, 0.110302806, -29.494, 12.361, 0.110302806, -36.744, 14.361, 0.110302806, -29.244, 14.611, 0.110302806, -28.744, 22.111, 0.110302806, -28.744, 22.111, 0.110302806, -36.744, -0.13899994, 2.3103027, -15.4939995, 13.111, 2.3103027, -14.9939995, 13.611, 2.3103027, -24.994, 13.611, 2.3103027, -28.244, 0.36100006, 2.3103027, -28.744, -0.13899994, 2.3103027, -20.744, 22.111, 0.110302806, -16.244, 14.111, 0.110302806, -16.244, 0.11100006, 0.110302806, -15.7439995, 12.861, 0.110302806, -15.2439995, 13.361, 0.110302806, -25.244, 13.361, 0.110302806, -27.994, 0.61100006, 0.110302806, -28.494, 0.11100006, 0.110302806, -20.494, -12.389, 0.110302806, -13.7439995, -0.13899994, 0.110302806, -12.2439995, 0.36100006, 0.110302806, -14.4939995, -1.1389999, 0.110302806, -14.7439995, -12.139, 0.110302806, -14.9939995, 1.1110001, 0.110302806, -11.9939995, 13.861, 0.110302806, -13.9939995, 1.1110001, 0.110302806, 2.7560005, 0.11100006, 0.110302806, 3.0060005, 0.11100006, 0.110302806, 12.2560005, 22.111, 0.110302806, 12.2560005, -0.13899994, 2.110303, -10.7439995, 0.11100006, 2.110303, 2.0060005, 0.11100006, 2.110303, -11.2439995, -4.389, 2.110303, -11.2439995, -23.389, 0.110302806, -0.24399948, -26.889, 0.110302806, 12.2560005, -1.1389999, 0.110302806, 2.7560005, -13.139, 0.110302806, -9.7439995, -22.639, 0.110302806, -0.24399948, -1.1389999, 0.110302806, -9.9939995, -21.889, 2.110303, -2.2439995, -15.389, 2.110303, -8.7439995, -15.889, 2.110303, -8.9939995, -22.389, 2.110303, -2.4939995)
polygons = [PackedInt32Array(2, 1, 0), PackedInt32Array(2, 0, 3), PackedInt32Array(3, 0, 5), PackedInt32Array(3, 5, 4), PackedInt32Array(8, 7, 6), PackedInt32Array(8, 6, 4), PackedInt32Array(4, 6, 3), PackedInt32Array(3, 6, 9), PackedInt32Array(9, 6, 10), PackedInt32Array(13, 12, 11), PackedInt32Array(11, 14, 13), PackedInt32Array(13, 14, 15), PackedInt32Array(15, 14, 16), PackedInt32Array(12, 13, 17), PackedInt32Array(17, 13, 18), PackedInt32Array(19, 17, 18), PackedInt32Array(20, 19, 21), PackedInt32Array(21, 19, 22), PackedInt32Array(22, 19, 18), PackedInt32Array(25, 24, 26), PackedInt32Array(26, 24, 23), PackedInt32Array(26, 23, 28), PackedInt32Array(26, 28, 27), PackedInt32Array(21, 29, 20), PackedInt32Array(20, 29, 30), PackedInt32Array(33, 32, 34), PackedInt32Array(34, 32, 31), PackedInt32Array(34, 31, 36), PackedInt32Array(34, 36, 35), PackedInt32Array(2, 37, 1), PackedInt32Array(1, 37, 40), PackedInt32Array(1, 40, 39), PackedInt32Array(1, 39, 38), PackedInt32Array(14, 40, 16), PackedInt32Array(16, 40, 41), PackedInt32Array(41, 40, 37), PackedInt32Array(38, 39, 42), PackedInt32Array(42, 39, 43), PackedInt32Array(43, 30, 29), PackedInt32Array(46, 45, 44), PackedInt32Array(46, 44, 47), PackedInt32Array(47, 44, 43), PackedInt32Array(47, 43, 29), PackedInt32Array(43, 44, 42), PackedInt32Array(50, 49, 48), PackedInt32Array(50, 48, 51), PackedInt32Array(7, 52, 6), PackedInt32Array(6, 52, 53), PackedInt32Array(54, 45, 46), PackedInt32Array(55, 54, 56), PackedInt32Array(56, 54, 46), PackedInt32Array(56, 46, 53), PackedInt32Array(53, 52, 56), PackedInt32Array(55, 57, 54), PackedInt32Array(61, 60, 58), PackedInt32Array(58, 60, 59)]
cell_height = 0.1

[sub_resource type="StandardMaterial3D" id="StandardMaterial3D_0xm2m"]
albedo_texture = ExtResource("1_sugp2")
uv1_scale = Vector3(6, 6, 6)

[node name="Main" type="Node3D" unique_id=1325263966]

[node name="WorldEnvironment" type="WorldEnvironment" parent="." unique_id=1878188055]
environment = SubResource("Environment_lquwl")

[node name="DirectionalLight3D" type="DirectionalLight3D" parent="." unique_id=9587188]
transform = Transform3D(-0.8660254, -0.43301278, 0.25, 0, 0.49999997, 0.86602545, -0.50000006, 0.75, -0.43301266, 0, 0, 0)
shadow_enabled = true

[node name="NavigationRegion3D" type="NavigationRegion3D" parent="." unique_id=1799443184]
navigation_mesh = SubResource("NavigationMesh_fck3i")

[node name="CSGBox3D" type="CSGBox3D" parent="NavigationRegion3D" unique_id=816274683]
transform = Transform3D(1, 0, 0, 0, 1, 0, 0, 0, 1, -2.389, -0.5, -12.244)
use_collision = true
size = Vector3(50, 1, 50)
material = SubResource("StandardMaterial3D_0xm2m")

[node name="Obstacles" type="Node" parent="NavigationRegion3D" unique_id=1274811893]

[node name="CSGBox3D" type="CSGBox3D" parent="NavigationRegion3D/Obstacles" unique_id=811903505]
transform = Transform3D(1, 0, 0, 0, 1, 0, 0, 0, 1, 0, 0.5, -4.5)
use_collision = true
size = Vector3(1, 3, 14)

[node name="CSGBox3D2" type="CSGBox3D" parent="NavigationRegion3D/Obstacles" unique_id=1170203858]
transform = Transform3D(0.6986824, 0, -0.7154319, 0, 1, 0, 0.7154319, 0, 0.6986824, -18.276777, 0.5, -6.2173004)
use_collision = true
size = Vector3(1, 3, 14)

[node name="CSGBox3D3" type="CSGBox3D" parent="NavigationRegion3D/Obstacles" unique_id=360778433]
transform = Transform3D(-0.019697696, -1.8879073e-06, 0.9998059, 0.00060600817, 0.9999998, 1.3826502e-05, -0.9998056, 0.00060616294, -0.019697785, -6.5954337, 0.5, -10.953992)
use_collision = true
size = Vector3(1, 3, 14)

[node name="CSGBox3D4" type="CSGBox3D" parent="NavigationRegion3D/Obstacles" unique_id=414160844]
transform = Transform3D(-0.99918246, 0, 0.040427685, 0, 1, 0, -0.040427685, 0, -0.99918246, -12.987587, 0.5, -25.27856)
use_collision = true
size = Vector3(1, 3, 22.409302)

[node name="CSGBox3D5" type="CSGBox3D" parent="NavigationRegion3D/Obstacles" unique_id=1847566727]
transform = Transform3D(-0.99918246, 0, 0.040427685, 0, 1, 0, -0.040427685, 0, -0.99918246, 6.6994133, 0.5, -21.945826)
use_collision = true
size = Vector3(14.083862, 3.3793945, 14)

[node name="Player" parent="." unique_id=716301107 instance=ExtResource("3_tbgi4")]
transform = Transform3D(0.032515116, 0, 0.99947125, 0, 1, 0, -0.99947125, 0, 0.032515116, -2.5763087, -0.07292414, -4.260147)

[node name="Rat2" parent="." unique_id=1864404930 instance=ExtResource("2_jyhfs")]
transform = Transform3D(0.4, 0, 0, 0, 0.4, 0, 0, 0, 0.4, -4.0344434, 0.35136867, -4.0976715)
